0 0 1 2 3 4 5 6 7 8 9 10 11 12 0 0 0 0 0 0 0 0 0 13 14 15 16 17 18 19 20 21 22 23 24 25 25 26 26 0 0 0
1 3 1 3 1 3 1 3 1 3 1 3 9 3 3 1 3 1 3 1 3 1 3 1 3 1 3 1 3 9 3 3 1 3 1 3 1 3 1 3 1 3
5 7 5 7 5 7 5 7 5 7 5 7 11 5 7 5 7 5 7 5 7 5 7 5 7 5 7 5 7 11 5 7 5 7 5 7 5 7 5 7 5 7
1 3 1 3 1 3 1 3 1 3 1 3 9 1 3 1 3 1 3 1 3 1 3 1 3 1 3 1 3 9 3 1 3 1 3 1 3 1 3 1 3 1
27 27 28 29 30 27 28 31 27 27 28 29 30 27 28 32 27 27 28 33 27 27 28 29 34 27 28 35 27 27 28 32 27 27 28 32 27 27 36 29 30 27
37 38 39 40 41 42 43 44 45 46 47 48 49 50 51 43 41 52 53 54 55 56 57 58 59 42 43 60 45 46 47 48 49 50 51 43 41 42 61 62 37 38
63 64 39 65 66 67 68 68 66 67 68 68 66 67 68 68 66 67 69 70 71 72 70 73 66 67 68 68 66 67 68 68 66 67 68 68 66 67 68 74 63 64
75 75 64 76 77 78 64 63 75 79 64 63 75 75 64 63 75 75 80 81 82 82 83 84 85 75 64 63 75 75 64 63 86 75 64 63 87 75 64 76 75 75
75 75 38 88 75 89 90 91 92 93 90 91 94 92 90 91 92 94 95 96 97 97 98 99 100 92 90 91 92 101 90 91 102 92 90 91 103 104 38 88 75 75
37 38 39 105 37 106 39 39 37 38 39 39 107 38 39 39 37 108 109 109 110 111 109 109 112 38 39 39 37 113 39 39 37 38 39 39 114 38 39 105 37 38
63 64 39 105 63 115 39 39 63 64 39 39 116 64 39 39 63 64 39 39 63 64 39 39 63 64 39 39 63 117 39 39 63 64 39 39 118 64 39 105 63 64
75 75 64 76 75 119 64 63 75 75 64 63 119 75 64 63 75 75 64 63 120 121 64 63 75 75 64 63 75 122 64 63 75 75 64 63 122 75 64 76 75 75
75 75 38 88 123 124 38 37 75 75 38 37 119 75 38 37 75 75 38 37 75 75 38 37 75 75 38 37 75 122 38 37 75 75 38 37 125 126 38 88 75 75
37 38 39 105 37 106 39 39 37 38 39 39 127 128 129 129 130 131 132 129 130 128 129 133 134 128 129 129 130 135 39 39 37 38 39 39 114 38 39 105 37 38
63 64 39 105 63 115 39 39 63 64 39 39 63 64 39 39 63 64 136 137 138 139 140 141 63 64 39 39 63 64 39 39 63 64 39 39 118 64 39 105 63 64
75 75 64 76 75 119 64 63 75 75 64 63 75 75 64 63 75 75 64 63 75 75 64 63 75 75 64 63 75 75 64 63 75 75 64 63 122 75 64 76 75 75
75 75 38 88 75 119 38 37 75 75 38 37 75 75 38 37 75 75 38 37 75 75 38 37 75 75 38 37 75 75 38 37 75 75 38 37 122 75 38 88 75 75
37 38 39 105 37 106 39 39 37 38 39 39 37 38 39 39 37 38 39 39 37 38 39 39 37 38 39 39 37 38 39 39 37 38 39 39 114 38 39 105 37 38
63 64 39 105 63 115 39 39 63 64 39 39 63 64 39 39 63 64 39 39 63 64 39 39 63 64 39 39 63 64 39 39 63 64 39 39 118 64 39 105 63 64
75 75 64 76 75 119 64 63 75 75 64 63 75 75 64 63 75 75 64 63 75 75 64 63 75 75 64 63 75 75 64 63 75 75 64 63 122 75 64 76 75 75
75 75 38 88 75 119 38 37 75 75 38 37 75 75 38 37 75 75 38 37 75 75 38 37 75 75 38 37 75 75 38 37 75 75 38 37 122 75 38 88 75 75
37 38 39 105 37 106 39 39 37 38 39 39 37 38 39 39 37 38 39 39 37 38 39 39 37 38 39 39 37 38 39 39 37 38 39 39 114 38 39 105 37 38
63 64 39 142 63 115 39 39 63 64 39 39 63 64 39 39 63 64 39 39 63 64 39 39 63 64 39 39 63 64 39 39 63 64 39 39 118 64 39 105 63 64
143 144 64 63 75 119 64 63 75 75 64 63 75 75 64 63 75 75 64 63 75 75 64 63 75 75 64 63 75 75 64 63 75 75 64 63 122 75 64 76 75 75
145 146 38 37 75 119 38 37 75 75 38 37 75 75 38 37 75 75 38 37 75 75 38 37 75 75 38 37 75 75 38 37 75 75 38 37 122 75 38 147 75 75
148 146 39 39 37 106 39 39 37 38 39 39 37 38 39 39 37 38 149 150 151 152 153 154 37 38 39 39 37 38 39 39 37 38 39 39 114 38 39 39 37 155
156 157 39 39 63 115 39 39 63 64 39 39 63 64 39 39 63 158 159 39 63 64 39 160 161 64 39 39 63 64 39 39 63 64 39 39 118 64 39 39 63 162
163 164 64 63 75 119 64 63 75 75 64 63 75 75 64 63 75 165 64 63 75 75 64 63 166 75 64 63 75 75 64 63 75 75 64 63 122 75 64 63 75 167
75 75 38 37 75 168 90 91 92 92 90 91 92 92 90 91 92 169 90 91 170 171 90 91 172 92 90 91 92 92 90 91 92 92 90 91 173 75 38 37 75 174
175 176 39 39 37 106 39 39 37 38 39 39 37 38 39 39 37 177 39 39 37 38 39 39 178 38 39 39 37 38 39 39 37 38 39 39 114 38 39 39 37 179
180 146 39 39 63 115 39 39 63 64 39 39 63 64 39 39 63 181 182 183 63 64 184 185 186 64 39 39 63 64 39 39 63 64 39 39 118 64 39 39 63 187
145 146 64 63 75 119 64 63 75 75 64 63 75 75 64 63 75 75 64 188 189 190 191 63 75 75 64 63 75 75 64 63 75 75 64 63 122 75 64 192 75 163
193 157 38 37 75 119 38 37 75 75 38 37 75 75 38 37 75 75 38 37 75 75 38 37 75 75 38 37 75 75 38 37 75 75 38 37 122 75 38 88 75 75
194 195 39 39 37 106 39 39 37 38 39 39 37 38 39 39 37 38 39 39 37 38 39 39 37 38 39 39 37 38 39 39 37 38 39 39 114 38 39 105 37 38
63 64 39 196 63 115 39 39 63 64 39 39 63 64 39 39 63 64 39 39 63 64 39 39 63 64 39 39 63 64 39 39 63 64 39 39 118 64 39 105 63 64
75 75 64 76 75 119 64 63 75 75 64 63 75 75 64 63 75 75 64 63 75 75 64 63 75 75 64 63 75 75 64 63 75 75 64 63 122 75 64 76 75 75
75 75 38 88 75 119 38 37 75 75 38 37 75 75 38 37 75 75 38 37 75 75 38 37 75 75 38 37 75 75 38 37 75 75 38 37 122 75 38 88 75 75
37 38 39 105 37 106 39 39 37 38 39 39 37 38 39 39 37 38 39 39 37 38 39 39 37 38 39 39 37 38 39 39 37 38 39 39 114 38 39 105 37 38
63 64 39 105 63 115 39 39 63 64 39 39 63 64 39 39 63 64 39 39 63 64 39 39 63 64 39 39 63 64 39 39 63 64 39 39 118 64 39 105 63 64
75 75 64 76 75 119 64 63 75 75 64 63 75 75 64 63 75 75 64 63 75 75 64 63 75 75 64 63 75 75 64 63 75 75 64 63 122 75 64 76 75 75
75 75 38 88 75 119 38 37 75 75 38 37 75 75 38 37 75 75 38 37 75 75 38 37 75 75 38 37 75 75 38 37 75 75 38 37 122 75 38 88 75 75
37 38 39 105 37 106 39 39 37 38 39 39 37 38 39 39 37 38 197 198 199 200 201 202 37 38 39 39 37 38 39 39 37 38 39 39 114 38 39 105 37 38
63 64 39 105 63 115 39 39 63 64 39 39 203 204 205 205 206 207 208 205 206 204 205 209 210 204 205 205 206 211 39 39 63 64 39 39 118 64 39 105 63 64
75 75 64 76 212 213 64 63 75 75 64 63 119 75 64 63 75 75 64 63 75 75 64 63 75 75 64 63 75 122 64 63 75 75 64 63 214 215 64 76 75 75
75 75 38 88 75 119 38 37 75 75 38 37 119 75 38 37 75 75 38 37 216 217 38 37 75 75 38 37 75 122 38 37 75 75 38 37 122 75 38 88 75 75
37 38 39 105 37 106 39 39 37 38 39 39 107 38 39 39 37 38 39 39 37 38 39 39 37 38 39 39 37 113 39 39 37 38 39 39 114 38 39 105 37 38
63 64 39 105 63 115 39 39 63 64 39 39 116 64 39 39 63 218 219 220 221 222 220 223 224 64 39 39 63 117 39 39 63 64 39 39 118 64 39 105 63 64
75 75 64 76 225 226 64 63 75 75 64 63 119 75 64 63 75 119 227 228 229 229 230 231 122 75 64 63 75 122 64 63 75 75 64 63 232 75 64 76 75 75
75 75 38 88 75 233 90 91 92 234 90 91 93 92 90 91 92 93 235 236 237 237 237 238 239 92 90 91 92 102 90 91 240 92 90 91 241 104 38 88 75 75
37 38 39 242 37 38 39 39 37 38 39 39 37 38 39 39 37 38 39 243 244 245 246 247 37 38 39 39 37 38 39 39 37 38 39 39 37 38 39 242 37 38
63 64 39 248 249 250 251 251 251 251 251 251 251 251 251 251 251 251 251 251 252 253 250 251 251 251 254 251 251 251 251 251 251 251 251 251 251 251 251 255 256 64
13 15 13 15 13 15 13 15 13 15 13 15 257 13 15 13 15 13 15 13 15 13 15 13 15 13 15 13 15 257 13 15 13 15 13 15 13 15 13 15 13 15
17 19 17 19 17 19 17 19 17 19 17 19 25 17 19 17 19 17 19 17 19 17 19 17 19 17 19 17 19 25 17 19 17 19 17 19 17 19 17 19 17 19
23 21 23 21 23 21 23 21 23 21 23 21 26 23 21 23 21 23 21 23 21 23 21 23 21 23 21 23 21 26 23 21 23 21 23 21 23 21 23 21 23 21
17 19 17 19 17 19 17 19 17 19 17 19 258 17 19 17 19 17 19 17 19 17 19 17 19 17 19 17 19 258 17 19 17 19 17 19 17 19 17 19 17 19
