0 0 1 2 3 4 5 6 7 8 9 10 11 12 0 0 0 0 0 0 0 0 0 13 14 15 16 17 18 19 20 21 22 23 24 25 25 26 26 0 0 0
1 3 1 3 1 3 1 3 1 3 1 3 9 3 3 1 3 1 3 1 3 1 3 1 3 1 3 1 3 9 3 3 1 3 1 3 1 3 1 3 1 3
5 7 5 7 5 7 5 7 5 7 5 7 11 5 7 5 7 5 7 5 7 5 7 5 7 5 7 5 7 11 5 7 5 7 5 7 5 7 5 7 5 7
1 3 1 3 1 3 1 3 1 3 1 3 9 1 3 1 3 1 3 1 3 1 3 1 3 1 3 1 3 9 3 1 3 1 3 1 3 1 3 1 3 1
27 27 28 29 30 27 28 31 27 27 28 29 30 27 28 28 27 27 28 32 27 27 28 29 33 27 28 34 27 27 28 28 27 27 28 28 27 27 35 29 30 27
36 36 37 38 39 39 40 41 42 43 44 45 46 47 48 40 39 49 50 51 52 53 54 55 56 39 40 57 42 43 44 45 46 47 48 40 39 39 58 59 36 36
36 36 37 60 61 61 62 62 61 61 62 62 61 61 62 62 61 61 63 64 65 65 64 66 61 61 62 62 61 61 62 62 61 61 62 62 61 61 62 67 36 36
37 37 36 68 69 70 36 36 37 71 36 36 37 37 36 36 37 37 72 73 74 74 75 76 77 37 36 36 37 37 36 36 78 37 36 36 79 37 36 68 37 37
37 37 36 68 37 80 81 81 82 83 81 81 84 82 81 81 82 84 85 86 87 87 88 89 90 82 81 81 82 91 81 81 92 82 81 81 93 94 36 68 37 37
36 36 37 95 36 96 37 37 36 36 37 37 96 36 37 37 36 97 98 98 99 99 98 98 100 36 37 37 36 101 37 37 36 36 37 37 101 36 37 95 36 36
36 36 37 95 36 96 37 37 36 36 37 37 96 36 37 37 36 36 37 37 36 36 37 37 36 36 37 37 36 101 37 37 36 36 37 37 101 36 37 95 36 36
37 37 36 68 37 102 36 36 37 37 36 36 102 37 36 36 37 37 36 36 103 104 36 36 37 37 36 36 37 105 36 36 37 37 36 36 105 37 36 68 37 37
37 37 36 68 106 107 36 36 37 37 36 36 102 37 36 36 37 37 36 36 37 37 36 36 37 37 36 36 37 105 36 36 37 37 36 36 108 109 36 68 37 37
36 36 37 95 36 96 37 37 36 36 37 37 110 111 112 112 111 113 114 112 111 111 112 115 116 111 112 112 111 117 37 37 36 36 37 37 101 36 37 95 36 36
36 36 37 95 36 96 37 37 36 36 37 37 36 36 37 37 36 36 118 119 120 121 122 123 36 36 37 37 36 36 37 37 36 36 37 37 101 36 37 95 36 36
37 37 36 68 37 102 36 36 37 37 36 36 37 37 36 36 37 37 36 36 37 37 36 36 37 37 36 36 37 37 36 36 37 37 36 36 105 37 36 68 37 37
37 37 36 68 37 102 36 36 37 37 36 36 37 37 36 36 37 37 36 36 37 37 36 36 37 37 36 36 37 37 36 36 37 37 36 36 105 37 36 68 37 37
36 36 37 95 36 96 37 37 36 36 37 37 36 36 37 37 36 36 37 37 36 36 37 37 36 36 37 37 36 36 37 37 36 36 37 37 101 36 37 95 36 36
36 36 37 95 36 96 37 37 36 36 37 37 36 36 37 37 36 36 37 37 36 36 37 37 36 36 37 37 36 36 37 37 36 36 37 37 101 36 37 95 36 36
37 37 36 68 37 102 36 36 37 37 36 36 37 37 36 36 37 37 36 36 37 37 36 36 37 37 36 36 37 37 36 36 37 37 36 36 105 37 36 68 37 37
37 37 36 68 37 102 36 36 37 37 36 36 37 37 36 36 37 37 36 36 37 37 36 36 37 37 36 36 37 37 36 36 37 37 36 36 105 37 36 68 37 37
36 36 37 95 36 96 37 37 36 36 37 37 36 36 37 37 36 36 37 37 36 36 37 37 36 36 37 37 36 36 37 37 36 36 37 37 101 36 37 95 36 36
36 36 37 124 36 96 37 37 36 36 37 37 36 36 37 37 36 36 37 37 36 36 37 37 36 36 37 37 36 36 37 37 36 36 37 37 101 36 37 95 36 36
125 126 36 36 37 102 36 36 37 37 36 36 37 37 36 36 37 37 36 36 37 37 36 36 37 37 36 36 37 37 36 36 37 37 36 36 105 37 36 68 37 37
127 128 36 36 37 102 36 36 37 37 36 36 37 37 36 36 37 37 36 36 37 37 36 36 37 37 36 36 37 37 36 36 37 37 36 36 105 37 36 129 37 37
130 128 37 37 36 96 37 37 36 36 37 37 36 36 37 37 36 36 131 132 133 134 135 136 36 36 37 37 36 36 37 37 36 36 37 37 101 36 37 37 36 137
138 139 37 37 36 96 37 37 36 36 37 37 36 36 37 37 36 140 141 37 36 36 37 142 143 36 37 37 36 36 37 37 36 36 37 37 101 36 37 37 36 144
145 146 36 36 37 102 36 36 37 37 36 36 37 37 36 36 37 147 36 36 37 37 36 36 148 37 36 36 37 37 36 36 37 37 36 36 105 37 36 36 37 149
37 37 36 36 37 150 81 81 82 82 81 81 82 82 81 81 82 151 81 81 152 153 81 81 154 82 81 81 82 82 81 81 82 82 81 81 155 37 36 36 37 156
157 158 37 37 36 96 37 37 36 36 37 37 36 36 37 37 36 159 37 37 36 36 37 37 160 36 37 37 36 36 37 37 36 36 37 37 101 36 37 37 36 161
130 128 37 37 36 96 37 37 36 36 37 37 36 36 37 37 36 162 163 164 36 36 165 166 167 36 37 37 36 36 37 37 36 36 37 37 101 36 37 37 36 168
127 128 36 36 37 102 36 36 37 37 36 36 37 37 36 36 37 37 36 169 170 171 172 36 37 37 36 36 37 37 36 36 37 37 36 36 105 37 36 173 37 145
174 139 36 36 37 102 36 36 37 37 36 36 37 37 36 36 37 37 36 36 37 37 36 36 37 37 36 36 37 37 36 36 37 37 36 36 105 37 36 68 37 37
175 176 37 37 36 96 37 37 36 36 37 37 36 36 37 37 36 36 37 37 36 36 37 37 36 36 37 37 36 36 37 37 36 36 37 37 101 36 37 95 36 36
36 36 37 177 36 96 37 37 36 36 37 37 36 36 37 37 36 36 37 37 36 36 37 37 36 36 37 37 36 36 37 37 36 36 37 37 101 36 37 95 36 36
37 37 36 68 37 102 36 36 37 37 36 36 37 37 36 36 37 37 36 36 37 37 36 36 37 37 36 36 37 37 36 36 37 37 36 36 105 37 36 68 37 37
37 37 36 68 37 102 36 36 37 37 36 36 37 37 36 36 37 37 36 36 37 37 36 36 37 37 36 36 37 37 36 36 37 37 36 36 105 37 36 68 37 37
36 36 37 95 36 96 37 37 36 36 37 37 36 36 37 37 36 36 37 37 36 36 37 37 36 36 37 37 36 36 37 37 36 36 37 37 101 36 37 95 36 36
36 36 37 95 36 96 37 37 36 36 37 37 36 36 37 37 36 36 37 37 36 36 37 37 36 36 37 37 36 36 37 37 36 36 37 37 101 36 37 95 36 36
37 37 36 68 37 102 36 36 37 37 36 36 37 37 36 36 37 37 36 36 37 37 36 36 37 37 36 36 37 37 36 36 37 37 36 36 105 37 36 68 37 37
37 37 36 68 37 102 36 36 37 37 36 36 37 37 36 36 37 37 36 36 37 37 36 36 37 37 36 36 37 37 36 36 37 37 36 36 105 37 36 68 37 37
36 36 37 95 36 96 37 37 36 36 37 37 36 36 37 37 36 36 178 179 180 181 182 183 36 36 37 37 36 36 37 37 36 36 37 37 101 36 37 95 36 36
36 36 37 95 36 96 37 37 36 36 37 37 184 185 186 186 185 187 188 186 185 185 186 189 190 185 186 186 185 191 37 37 36 36 37 37 101 36 37 95 36 36
37 37 36 68 192 193 36 36 37 37 36 36 102 37 36 36 37 37 36 36 37 37 36 36 37 37 36 36 37 105 36 36 37 37 36 36 194 195 36 68 37 37
37 37 36 68 37 102 36 36 37 37 36 36 102 37 36 36 37 37 36 36 196 197 36 36 37 37 36 36 37 105 36 36 37 37 36 36 105 37 36 68 37 37
36 36 37 95 36 96 37 37 36 36 37 37 96 36 37 37 36 36 37 37 36 36 37 37 36 36 37 37 36 101 37 37 36 36 37 37 101 36 37 95 36 36
36 36 37 95 36 96 37 37 36 36 37 37 96 36 37 37 36 198 199 200 201 201 200 202 203 36 37 37 36 101 37 37 36 36 37 37 101 36 37 95 36 36
37 37 36 68 204 205 36 36 37 37 36 36 102 37 36 36 37 102 206 207 208 208 207 209 105 37 36 36 37 105 36 36 37 37 36 36 210 37 36 68 37 37
37 37 36 68 37 211 81 81 82 212 81 81 83 82 81 81 82 83 213 214 215 215 215 216 217 82 81 81 82 92 81 81 218 82 81 81 219 94 36 68 37 37
36 36 37 220 36 36 37 37 36 36 37 37 36 36 37 37 36 36 37 221 222 222 223 224 36 36 37 37 36 36 37 37 36 36 37 37 36 36 37 220 36 36
36 36 37 225 226 227 228 228 229 229 228 228 229 229 228 228 229 229 228 228 230 226 231 228 229 229 232 228 229 229 228 228 229 229 228 228 229 229 228 233 234 36
13 15 13 15 13 15 13 15 13 15 13 15 235 13 15 13 15 13 15 13 15 13 15 13 15 13 15 13 15 235 13 15 13 15 13 15 13 15 13 15 13 15
17 19 17 19 17 19 17 19 17 19 17 19 25 17 19 17 19 17 19 17 19 17 19 17 19 17 19 17 19 25 17 19 17 19 17 19 17 19 17 19 17 19
23 21 23 21 23 21 23 21 23 21 23 21 26 23 21 23 21 23 21 23 21 23 21 23 21 23 21 23 21 26 23 21 23 21 23 21 23 21 23 21 23 21
17 19 17 19 17 19 17 19 17 19 17 19 236 17 19 17 19 17 19 17 19 17 19 17 19 17 19 17 19 236 17 19 17 19 17 19 17 19 17 19 17 19
