0 0 0 0 0 0 0 0 0 0 0 0 0 0 0 0 0 0 0 0 0 0 0 0 0 0 0 0 0 0 0 0 0 0 0 0 0 0 0 0 0 0
0 0 0 0 0 0 0 0 0 0 0 0 1 0 0 0 0 0 0 0 0 0 0 0 0 0 0 0 0 1 0 0 0 0 0 0 0 0 0 0 0 0
0 0 0 0 0 0 0 0 0 0 0 0 2 0 0 0 0 0 0 0 0 0 0 0 0 0 0 0 0 2 0 0 0 0 0 0 0 0 0 0 0 0
3 3 3 3 3 3 3 3 3 3 3 3 1 3 3 3 3 3 3 3 3 3 3 3 3 3 3 3 3 1 3 3 3 3 3 3 3 3 3 3 3 3
4 5 6 7 8 4 4 9 6 6 10 11 12 5 6 6 10 4 4 13 6 6 10 11 12 5 6 14 10 4 4 5 6 6 10 4 4 5 15 7 8 4
16 17 17 18 19 19 20 21 22 23 24 25 26 27 28 29 19 30 31 32 33 34 35 36 37 38 38 21 39 40 41 42 43 44 45 19 20 38 46 47 48 48
17 17 49 50 51 52 53 53 54 51 51 52 53 53 54 51 51 52 55 56 57 58 58 59 53 53 54 51 51 52 53 53 54 51 51 52 53 53 54 60 48 16
17 49 48 61 62 17 17 49 48 63 16 17 17 49 48 48 16 17 64 65 66 66 67 68 69 49 48 48 16 17 17 49 70 48 16 17 17 49 48 61 16 17
49 48 48 71 17 72 73 74 74 75 76 76 77 74 74 78 76 79 80 81 82 83 84 85 86 74 74 78 76 87 73 74 88 78 76 76 89 48 48 71 17 17
48 48 16 90 17 91 48 48 16 17 17 49 92 48 16 17 17 93 94 94 95 96 96 97 98 48 16 17 17 99 48 48 16 17 17 49 100 48 16 90 17 49
48 16 17 90 49 92 48 16 17 17 49 48 92 16 17 17 49 48 48 16 17 17 49 48 48 16 17 17 49 100 48 16 17 17 49 48 100 16 17 90 49 48
16 17 17 101 48 92 16 17 17 49 48 48 102 17 17 49 48 48 16 17 103 104 48 48 16 17 17 49 48 100 16 17 17 49 48 48 105 17 17 101 48 48
17 17 49 61 106 107 17 17 49 48 48 16 108 17 49 48 48 16 17 17 49 48 48 16 17 17 49 48 48 105 17 17 49 48 48 16 109 110 49 61 48 16
17 49 48 61 16 108 17 49 48 48 16 17 111 112 113 113 114 115 116 112 113 113 114 117 118 112 113 113 114 119 17 49 48 48 16 17 120 49 48 61 16 17
49 48 48 71 17 108 49 48 48 16 17 17 49 48 48 16 17 17 121 122 123 124 125 126 49 48 48 16 17 17 49 48 48 16 17 17 99 48 48 71 17 17
48 48 16 90 17 91 48 48 16 17 17 49 48 48 16 17 17 49 48 48 16 17 17 49 48 48 16 17 17 49 48 48 16 17 17 49 100 48 16 90 17 49
48 16 17 90 49 92 48 16 17 17 49 48 48 16 17 17 49 48 48 16 17 17 49 48 48 16 17 17 49 48 48 16 17 17 49 48 100 16 17 90 49 48
17 17 17 101 48 92 16 17 17 49 48 48 16 17 17 49 48 48 16 17 17 49 48 48 16 17 17 49 48 48 16 17 17 49 48 48 105 17 17 101 48 48
17 17 49 61 48 102 17 17 49 48 48 16 17 17 49 48 48 16 17 17 49 48 48 16 17 17 49 48 48 16 17 17 49 48 48 16 120 17 49 61 48 16
17 49 48 61 16 108 17 49 48 48 16 17 17 49 48 48 16 17 17 49 48 48 16 17 17 49 48 48 16 17 17 49 48 48 16 17 120 49 48 61 16 17
49 48 48 71 17 108 49 48 48 16 17 17 49 48 48 16 17 17 49 48 48 16 17 17 49 48 48 16 17 17 49 48 48 16 17 17 99 48 48 71 17 17
48 48 16 90 17 91 48 48 16 17 17 49 48 48 16 17 17 49 48 48 16 17 17 49 48 48 16 17 17 49 48 48 16 17 17 49 100 48 16 90 17 49
48 16 17 127 49 92 48 16 17 17 49 48 48 16 17 17 49 48 48 16 17 17 49 48 48 16 17 17 49 48 48 16 17 17 49 48 100 16 17 90 49 48
128 129 17 49 48 92 16 17 17 49 48 48 16 17 17 49 48 48 16 17 17 49 48 48 16 17 17 49 48 48 16 17 17 49 48 48 105 17 17 101 48 48
130 131 49 48 48 102 17 17 49 48 48 16 17 17 49 48 48 16 17 17 49 48 48 16 17 17 49 48 48 16 17 17 49 48 48 16 120 17 49 132 48 16
130 131 48 48 16 108 17 49 48 48 16 17 17 49 48 48 16 17 133 134 135 136 137 138 17 49 48 48 16 17 17 49 48 48 16 17 120 49 48 48 16 139
140 141 48 16 17 108 49 48 48 16 17 17 49 48 48 16 17 142 143 48 48 16 17 144 145 48 48 16 17 17 49 48 48 16 17 17 99 48 48 16 17 146
147 148 16 17 17 91 48 48 16 17 17 49 48 48 16 17 17 149 48 48 16 17 17 49 150 48 16 17 17 49 48 48 16 17 17 49 100 48 16 17 17 151
48 16 17 17 49 152 74 78 76 76 73 74 74 78 76 76 73 153 74 78 154 155 73 74 156 78 76 76 73 74 74 78 76 76 73 74 157 16 17 17 49 158
128 129 17 49 48 92 16 17 17 49 48 48 16 17 17 49 48 159 16 17 17 49 48 48 160 17 17 49 48 48 16 17 17 49 48 48 105 17 17 49 48 161
130 131 49 48 48 102 17 17 49 48 48 16 17 17 49 48 48 162 163 164 49 48 165 166 167 17 49 48 48 16 17 17 49 48 48 16 120 17 49 48 48 168
130 131 48 48 16 108 17 49 48 48 16 17 17 49 48 48 16 17 17 169 170 171 172 17 17 49 48 48 16 17 17 49 48 48 16 17 120 49 48 173 16 174
140 141 48 16 17 108 49 48 48 16 17 17 49 48 48 16 17 17 49 48 48 16 17 17 49 48 48 16 17 17 49 48 48 16 17 17 99 48 48 71 17 17
147 148 16 17 17 91 48 48 16 17 17 49 48 48 16 17 17 49 48 48 16 17 17 49 48 48 16 17 17 49 48 48 16 17 17 49 100 48 16 90 17 49
48 16 17 175 49 92 48 16 17 17 49 48 48 16 17 17 49 48 48 16 17 17 49 48 48 16 17 17 49 48 48 16 17 17 49 48 100 16 17 90 49 48
16 17 17 101 48 92 16 17 17 49 48 48 16 17 17 49 48 48 16 17 17 49 48 48 16 17 17 49 48 48 16 17 17 49 48 48 105 17 17 101 48 48
17 17 49 61 48 102 17 17 49 48 48 16 17 17 49 48 48 16 17 17 49 48 48 16 17 17 49 48 48 16 17 17 49 48 48 16 120 17 49 61 48 16
17 49 48 61 16 108 17 49 48 48 16 17 17 49 48 48 16 17 17 49 48 48 16 17 17 49 48 48 16 17 17 49 48 48 16 17 120 49 48 61 16 17
49 48 48 71 17 108 49 48 48 16 17 17 49 48 48 16 17 17 49 48 48 16 17 17 49 48 48 16 17 17 49 48 48 16 17 17 99 48 48 71 17 17
48 48 16 90 17 91 48 48 16 17 17 49 48 48 16 17 17 49 48 48 16 17 17 49 48 48 16 17 17 49 48 48 16 17 17 49 100 48 16 90 17 49
48 16 17 90 49 92 48 16 17 17 49 48 48 16 17 17 49 48 48 16 17 17 49 48 48 16 17 17 49 48 48 16 17 17 49 48 100 16 17 90 49 48
16 17 17 101 48 92 16 17 17 49 48 48 16 17 17 49 48 48 176 177 178 179 180 181 16 17 17 49 48 48 16 17 17 49 48 48 105 17 17 101 48 48
17 17 49 61 48 102 17 17 49 48 48 16 182 183 184 185 185 186 187 183 184 185 185 188 189 183 184 185 185 190 17 17 49 48 48 16 120 17 49 61 48 16
17 49 48 61 191 192 17 49 48 48 16 17 108 49 48 48 16 17 17 49 48 48 16 17 17 49 48 48 16 120 17 49 48 48 16 17 193 194 48 61 16 17
49 48 48 71 17 108 49 48 48 16 17 17 91 48 48 16 17 17 49 48 195 196 17 17 49 48 48 16 17 120 49 48 48 16 17 17 99 48 48 71 17 17
48 48 16 90 17 91 48 48 16 17 17 49 92 48 16 17 17 49 48 48 16 17 17 49 48 48 16 17 17 99 48 48 16 17 17 49 100 48 16 90 17 49
48 16 17 90 49 92 48 16 17 17 49 48 92 16 17 17 49 197 198 199 200 200 201 202 203 16 17 17 49 100 48 16 17 17 49 48 100 16 17 90 49 48
16 17 17 101 204 205 16 17 17 49 48 48 102 17 17 49 48 92 206 207 207 208 209 210 105 17 17 49 48 100 16 17 17 49 48 48 211 17 17 101 48 48
17 17 49 61 48 212 76 76 73 213 74 78 214 76 73 74 74 215 216 217 218 218 218 219 220 76 73 74 74 221 76 76 222 74 74 78 223 17 49 61 48 16
17 49 48 224 16 17 17 49 48 48 16 17 17 49 48 48 16 17 17 225 226 226 227 228 17 49 48 48 16 17 17 49 48 48 16 17 17 49 48 224 16 17
49 48 48 229 230 231 232 233 233 234 235 235 232 233 233 234 235 235 232 233 236 230 231 235 232 233 237 234 235 235 232 233 233 234 235 235 232 233 233 238 239 17
240 240 241 242 242 243 240 240 241 242 242 243 240 240 241 242 242 243 240 240 241 242 242 243 240 240 241 242 242 243 240 240 241 242 242 243 240 240 241 242 242 243
244 244 244 244 244 244 244 244 244 244 244 244 245 244 244 244 244 244 244 244 244 244 244 244 244 244 244 244 244 245 244 244 244 244 244 244 244 244 244 244 244 244
246 246 246 246 246 246 246 246 246 246 246 246 247 246 246 246 246 246 246 246 246 246 246 246 246 246 246 246 246 247 246 246 246 246 246 246 246 246 246 246 246 246
0 0 0 0 0 0 0 0 0 0 0 0 0 0 0 0 0 0 0 0 0 0 0 0 0 0 0 0 0 0 0 0 0 0 0 0 0 0 0 0 0 0
