0 1 1 0 0 1 1 0 0 1 1 0 0 1 1 0 0 1 1 0 0 1 1 0 0 1 2 3 3 4 4 3 3 4 4 3 3 4 4 3 3 4
0 1 1 0 0 1 1 0 0 1 1 0 0 1 1 0 0 1 1 0 0 1 1 0 0 1 2 3 3 4 4 3 3 4 4 3 3 4 4 3 3 4
0 1 1 0 0 1 1 0 0 1 1 0 0 1 1 0 0 1 1 0 0 1 1 0 0 1 2 3 3 4 4 3 3 4 4 3 3 4 4 3 3 4
0 1 1 0 0 1 1 0 0 1 1 0 0 1 1 0 0 1 1 0 0 1 1 0 0 1 2 3 3 4 4 3 3 4 4 3 3 4 4 3 3 4
5 6 6 5 5 6 6 5 5 6 6 5 5 6 6 5 5 6 6 5 5 6 6 5 5 6 7 8 8 9 9 8 8 9 9 8 8 9 9 8 8 9
10 11 11 10 10 11 11 10 10 11 11 10 10 11 11 10 10 11 11 10 10 11 11 10 10 11 12 13 13 14 14 13 13 14 14 13 13 14 14 13 13 14
15 16 16 17 15 16 16 15 15 16 16 15 15 16 16 15 15 16 18 19 19 20 20 21 15 16 22 23 23 24 24 23 23 24 24 23 23 24 24 25 23 24
26 27 27 28 29 30 27 26 26 31 27 26 26 27 27 26 26 27 32 33 34 35 35 36 37 27 27 26 26 27 27 26 38 27 27 26 39 27 27 40 26 27
26 27 27 28 26 41 42 43 43 44 42 43 45 42 42 43 43 46 47 48 49 50 50 51 52 42 42 43 43 53 42 43 54 42 42 43 55 56 27 40 26 27
26 27 27 28 26 57 27 26 26 27 27 26 58 27 27 26 26 59 60 61 62 63 60 61 64 27 27 26 26 65 27 26 26 27 27 26 66 27 27 40 26 27
26 27 27 67 26 57 27 26 26 27 27 26 58 27 27 26 26 27 27 26 26 27 27 26 26 27 27 26 26 65 27 26 26 27 27 26 66 27 27 40 26 27
26 27 27 67 26 57 27 26 26 27 27 26 58 27 27 26 26 27 27 26 68 69 27 26 26 27 27 26 26 65 27 26 26 27 27 26 66 27 27 40 26 27
26 27 27 67 70 71 27 26 26 27 27 26 58 27 27 26 26 27 27 26 26 27 27 26 26 27 27 26 26 65 27 26 26 27 27 26 72 73 27 40 26 27
26 27 27 67 26 57 27 26 26 27 27 26 74 75 75 76 76 77 78 76 76 75 75 79 80 75 75 76 76 81 27 26 26 27 27 26 66 27 27 40 26 27
26 27 27 67 26 57 27 26 26 27 27 26 26 27 27 26 26 27 82 83 84 85 86 87 26 27 27 26 26 27 27 26 26 27 27 26 66 27 27 40 26 27
26 27 27 67 26 57 27 26 26 27 27 26 26 27 27 26 26 27 27 26 26 27 27 26 26 27 27 26 26 27 27 26 26 27 27 26 66 27 27 40 26 27
26 27 27 67 26 57 27 26 26 27 27 26 26 27 27 26 26 27 27 26 26 27 27 26 26 27 27 26 26 27 27 26 26 27 27 26 66 27 27 40 26 27
26 27 27 88 26 57 27 26 26 27 27 26 26 27 27 26 26 27 27 26 26 27 27 26 26 27 27 26 26 27 27 26 26 27 27 26 66 27 27 89 26 27
26 27 27 90 26 57 27 26 26 27 27 26 26 27 27 26 26 27 27 26 26 27 27 26 26 27 27 26 26 27 27 26 26 27 27 26 66 27 27 91 26 27
26 27 27 90 26 57 27 26 26 27 27 26 26 27 27 26 26 27 27 26 26 27 27 26 26 27 27 26 26 27 27 26 26 27 27 26 66 27 27 91 26 27
26 27 27 90 26 57 27 26 26 27 27 26 26 27 27 26 26 27 27 26 26 27 27 26 26 27 27 26 26 27 27 26 26 27 27 26 66 27 27 91 26 27
26 27 27 90 26 57 27 26 26 27 27 26 26 27 27 26 26 27 27 26 26 27 27 26 26 27 27 26 26 27 27 26 26 27 27 26 66 27 27 91 26 27
92 93 93 94 26 57 27 26 26 27 27 26 26 27 27 26 26 27 27 26 26 27 27 26 26 27 27 26 26 27 27 26 26 27 27 26 66 27 27 91 26 27
3 4 4 94 26 57 27 26 26 27 27 26 26 27 27 26 26 27 27 26 26 27 27 26 26 27 27 26 26 27 27 26 26 27 27 26 66 27 27 91 26 95
3 4 4 94 26 57 27 26 26 27 27 26 26 27 27 26 26 27 27 26 26 27 27 26 26 27 27 26 26 27 27 26 26 27 27 26 66 27 27 91 26 96
3 4 4 94 26 57 27 26 26 27 27 26 26 27 27 26 26 27 97 98 99 100 101 102 26 27 27 26 26 27 27 26 26 27 27 26 66 27 27 91 26 96
103 104 4 94 26 57 27 26 26 27 27 26 26 27 27 26 26 105 106 26 26 27 27 107 108 27 27 26 26 27 27 26 26 27 27 26 66 27 27 91 26 96
109 110 4 94 26 57 27 26 26 27 27 26 26 27 27 26 26 111 27 26 26 27 27 26 112 27 27 26 26 27 27 26 26 27 27 26 66 27 27 91 26 96
113 114 4 94 26 115 42 43 43 42 42 43 43 42 42 43 43 116 42 43 117 118 42 43 119 42 42 43 43 42 42 43 43 42 42 43 120 27 27 91 26 96
121 122 4 94 26 57 27 26 26 27 27 26 26 27 27 26 26 123 27 26 26 27 27 26 124 27 27 26 26 27 27 26 26 27 27 26 66 27 27 91 26 96
125 126 4 127 26 57 27 26 26 27 27 26 26 27 27 26 26 128 129 130 26 27 131 132 133 27 27 26 26 27 27 26 26 27 27 26 66 27 27 91 26 96
3 4 4 134 26 57 27 26 26 27 27 26 26 27 27 26 26 27 27 135 136 137 138 26 26 27 27 26 26 27 27 26 26 27 27 26 66 27 27 139 26 140
3 4 4 141 26 57 27 26 26 27 27 26 26 27 27 26 26 27 27 26 26 27 27 26 26 27 27 26 26 27 27 26 26 27 27 26 66 27 27 139 26 27
3 4 4 142 26 57 27 26 26 27 27 26 26 27 27 26 26 27 27 26 26 27 27 26 26 27 27 26 26 27 27 26 26 27 27 26 66 27 27 139 26 27
3 4 4 142 26 57 27 26 26 27 27 26 26 27 27 26 26 27 27 26 26 27 27 26 26 27 27 26 26 27 27 26 26 27 27 26 66 27 27 139 26 27
143 144 144 145 26 57 27 26 26 27 27 26 26 27 27 26 26 27 27 26 26 27 27 26 26 27 27 26 26 27 27 26 26 27 27 26 66 27 27 139 26 27
26 27 27 146 26 57 27 26 26 27 27 26 26 27 27 26 26 27 27 26 26 27 27 26 26 27 27 26 26 27 27 26 26 27 27 26 66 27 27 147 26 27
26 27 27 148 26 57 27 26 26 27 27 26 26 27 27 26 26 27 27 26 26 27 27 26 26 27 27 26 26 27 27 26 26 27 27 26 66 27 27 149 26 27
26 27 27 148 26 57 27 26 26 27 27 26 26 27 27 26 26 27 27 26 26 27 27 26 26 27 27 26 26 27 27 26 26 27 27 26 66 27 27 149 26 27
26 27 27 148 26 57 27 26 26 27 27 26 26 27 27 26 26 27 27 26 26 27 27 26 26 27 27 26 26 27 27 26 26 27 27 26 66 27 27 149 26 27
26 27 27 148 26 57 27 26 26 27 27 26 26 27 27 26 26 27 27 26 26 27 27 26 26 27 27 26 26 27 27 26 26 27 27 26 66 27 27 149 26 27
26 27 27 148 26 57 27 26 26 27 27 26 26 27 27 26 26 27 150 151 152 153 154 155 26 27 27 26 26 27 27 26 26 27 27 26 66 27 27 149 26 27
26 27 27 148 26 57 27 26 26 27 27 26 156 157 157 158 158 159 160 158 158 157 157 161 162 157 157 158 158 163 27 26 26 27 27 26 66 27 27 149 26 27
26 27 27 148 164 165 27 26 26 27 27 26 58 27 27 26 26 27 27 26 26 27 27 26 26 27 27 26 26 65 27 26 26 27 27 26 166 167 27 149 26 27
26 27 27 148 26 57 27 26 26 27 27 26 58 27 27 26 26 27 27 26 168 169 27 26 26 27 27 26 26 65 27 26 26 27 27 26 66 27 27 149 26 27
26 27 27 148 26 57 27 26 26 27 27 26 58 27 27 26 26 27 27 26 26 27 27 26 26 27 27 26 26 65 27 26 26 27 27 26 66 27 27 149 26 27
26 27 27 148 26 57 27 26 26 27 27 26 58 27 27 26 26 170 171 172 173 174 175 176 177 27 27 26 26 65 27 26 26 27 27 26 66 27 27 149 26 27
26 27 27 148 178 179 27 26 26 27 27 26 58 27 27 26 26 57 180 181 182 183 183 184 66 27 27 26 26 65 27 26 26 27 27 26 185 27 27 149 26 27
26 27 27 148 26 186 42 43 43 187 42 43 188 42 42 43 43 44 189 190 191 191 191 192 193 42 42 43 43 194 42 43 195 42 42 43 196 56 27 149 26 27
26 27 27 197 26 27 27 26 26 27 27 26 26 27 27 26 26 27 27 198 199 200 200 201 26 27 27 26 26 27 27 26 26 27 27 26 26 27 27 149 26 27
202 203 203 202 202 203 203 202 202 203 203 202 202 203 204 3 3 4 4 3 3 4 4 3 3 4 4 3 3 4 4 3 3 4 4 3 3 4 4 3 3 4
205 206 206 205 205 206 206 205 205 206 206 205 205 206 207 3 3 4 4 3 3 4 4 3 3 4 4 3 3 4 4 3 3 4 4 3 3 4 4 3 3 4
205 206 206 205 205 206 206 205 205 206 206 205 205 206 208 209 209 210 210 209 209 210 210 209 209 210 210 209 209 210 210 209 209 210 210 209 209 210 210 209 209 210
205 206 206 205 205 206 206 205 205 206 206 205 205 206 206 205 205 206 206 205 205 206 206 205 205 206 206 205 205 206 206 205 205 206 206 205 205 206 206 205 205 206
205 206 206 205 205 206 206 205 205 206 206 205 205 206 206 205 205 206 206 205 205 206 206 205 205 206 206 205 205 206 206 205 205 206 206 205 205 206 206 205 205 206
