0 0 1 2 3 4 5 6 7 8 9 10 11 12 0 0 0 0 0 0 0 0 0 13 14 15 16 17 18 19 20 21 22 23 24 25 25 26 26 0 0 0
1 3 1 3 1 3 1 3 1 3 1 3 9 3 3 1 3 1 3 1 3 1 3 1 3 1 3 1 3 9 3 3 1 3 1 3 1 3 1 3 1 3
5 7 5 7 5 7 5 7 5 7 5 7 11 5 7 5 7 5 7 5 7 5 7 5 7 5 7 5 7 11 5 7 5 7 5 7 5 7 5 7 5 7
1 3 1 3 1 3 1 3 1 3 1 3 9 1 3 1 3 1 3 1 3 1 3 1 3 1 3 1 3 9 3 1 3 1 3 1 3 1 3 1 3 1
27 27 27 28 29 27 27 30 31 27 27 28 29 27 27 31 31 27 27 32 31 27 27 28 33 27 27 34 31 27 27 31 31 27 27 31 31 27 35 28 29 27
36 37 37 38 39 40 40 41 42 43 44 45 46 47 48 39 39 49 50 51 52 53 54 55 56 40 40 57 42 43 44 45 46 47 48 39 39 40 58 59 36 37
36 37 37 60 61 62 62 61 61 62 62 61 61 62 62 61 61 62 63 64 64 65 65 66 61 62 62 61 61 62 62 61 61 62 62 61 61 62 62 67 36 37
36 37 37 68 69 70 37 36 36 71 37 36 36 37 37 36 36 37 72 73 74 75 75 76 77 37 37 36 36 37 37 36 78 37 37 36 79 37 37 68 36 37
36 37 37 68 36 80 81 82 82 83 81 82 84 81 81 82 82 85 86 87 88 89 89 90 91 81 81 82 82 92 81 82 93 81 81 82 94 95 37 68 36 37
36 37 37 68 36 96 37 36 36 37 37 36 97 37 37 36 36 98 99 100 101 102 99 100 103 37 37 36 36 104 37 36 36 37 37 36 105 37 37 68 36 37
36 37 37 68 36 96 37 36 36 37 37 36 97 37 37 36 36 37 37 36 36 37 37 36 36 37 37 36 36 104 37 36 36 37 37 36 105 37 37 68 36 37
36 37 37 68 36 96 37 36 36 37 37 36 97 37 37 36 36 37 37 36 106 107 37 36 36 37 37 36 36 104 37 36 36 37 37 36 105 37 37 68 36 37
36 37 37 68 108 109 37 36 36 37 37 36 97 37 37 36 36 37 37 36 36 37 37 36 36 37 37 36 36 104 37 36 36 37 37 36 110 111 37 68 36 37
36 37 37 68 36 96 37 36 36 37 37 36 112 113 113 114 114 115 116 114 114 113 113 117 118 113 113 114 114 119 37 36 36 37 37 36 105 37 37 68 36 37
36 37 37 68 36 96 37 36 36 37 37 36 36 37 37 36 36 37 120 121 122 123 124 125 36 37 37 36 36 37 37 36 36 37 37 36 105 37 37 68 36 37
36 37 37 68 36 96 37 36 36 37 37 36 36 37 37 36 36 37 37 36 36 37 37 36 36 37 37 36 36 37 37 36 36 37 37 36 105 37 37 68 36 37
36 37 37 68 36 96 37 36 36 37 37 36 36 37 37 36 36 37 37 36 36 37 37 36 36 37 37 36 36 37 37 36 36 37 37 36 105 37 37 68 36 37
36 37 37 68 36 96 37 36 36 37 37 36 36 37 37 36 36 37 37 36 36 37 37 36 36 37 37 36 36 37 37 36 36 37 37 36 105 37 37 68 36 37
36 37 37 68 36 96 37 36 36 37 37 36 36 37 37 36 36 37 37 36 36 37 37 36 36 37 37 36 36 37 37 36 36 37 37 36 105 37 37 68 36 37
36 37 37 68 36 96 37 36 36 37 37 36 36 37 37 36 36 37 37 36 36 37 37 36 36 37 37 36 36 37 37 36 36 37 37 36 105 37 37 68 36 37
36 37 37 68 36 96 37 36 36 37 37 36 36 37 37 36 36 37 37 36 36 37 37 36 36 37 37 36 36 37 37 36 36 37 37 36 105 37 37 68 36 37
36 37 37 68 36 96 37 36 36 37 37 36 36 37 37 36 36 37 37 36 36 37 37 36 36 37 37 36 36 37 37 36 36 37 37 36 105 37 37 68 36 37
36 37 37 126 36 96 37 36 36 37 37 36 36 37 37 36 36 37 37 36 36 37 37 36 36 37 37 36 36 37 37 36 36 37 37 36 105 37 37 68 36 37
127 128 37 36 36 96 37 36 36 37 37 36 36 37 37 36 36 37 37 36 36 37 37 36 36 37 37 36 36 37 37 36 36 37 37 36 105 37 37 68 36 37
129 130 37 36 36 96 37 36 36 37 37 36 36 37 37 36 36 37 37 36 36 37 37 36 36 37 37 36 36 37 37 36 36 37 37 36 105 37 37 126 36 37
129 130 37 36 36 96 37 36 36 37 37 36 36 37 37 36 36 37 131 132 133 134 135 136 36 37 37 36 36 37 37 36 36 37 37 36 105 37 37 36 36 137
138 139 37 36 36 96 37 36 36 37 37 36 36 37 37 36 36 140 141 36 36 37 37 142 143 37 37 36 36 37 37 36 36 37 37 36 105 37 37 36 36 144
145 146 37 36 36 96 37 36 36 37 37 36 36 37 37 36 36 147 37 36 36 37 37 36 148 37 37 36 36 37 37 36 36 37 37 36 105 37 37 36 36 149
36 37 37 36 36 150 81 82 82 81 81 82 82 81 81 82 82 151 81 82 152 153 81 82 154 81 81 82 82 81 81 82 82 81 81 82 155 37 37 36 36 156
127 128 37 36 36 96 37 36 36 37 37 36 36 37 37 36 36 157 37 36 36 37 37 36 158 37 37 36 36 37 37 36 36 37 37 36 105 37 37 36 36 159
129 130 37 36 36 96 37 36 36 37 37 36 36 37 37 36 36 160 161 162 36 37 163 164 165 37 37 36 36 37 37 36 36 37 37 36 105 37 37 36 36 166
129 130 37 36 36 96 37 36 36 37 37 36 36 37 37 36 36 37 37 167 168 169 170 36 36 37 37 36 36 37 37 36 36 37 37 36 105 37 37 171 36 172
138 139 37 36 36 96 37 36 36 37 37 36 36 37 37 36 36 37 37 36 36 37 37 36 36 37 37 36 36 37 37 36 36 37 37 36 105 37 37 68 36 37
145 146 37 36 36 96 37 36 36 37 37 36 36 37 37 36 36 37 37 36 36 37 37 36 36 37 37 36 36 37 37 36 36 37 37 36 105 37 37 68 36 37
36 37 37 171 36 96 37 36 36 37 37 36 36 37 37 36 36 37 37 36 36 37 37 36 36 37 37 36 36 37 37 36 36 37 37 36 105 37 37 68 36 37
36 37 37 68 36 96 37 36 36 37 37 36 36 37 37 36 36 37 37 36 36 37 37 36 36 37 37 36 36 37 37 36 36 37 37 36 105 37 37 68 36 37
36 37 37 68 36 96 37 36 36 37 37 36 36 37 37 36 36 37 37 36 36 37 37 36 36 37 37 36 36 37 37 36 36 37 37 36 105 37 37 68 36 37
36 37 37 68 36 96 37 36 36 37 37 36 36 37 37 36 36 37 37 36 36 37 37 36 36 37 37 36 36 37 37 36 36 37 37 36 105 37 37 68 36 37
36 37 37 68 36 96 37 36 36 37 37 36 36 37 37 36 36 37 37 36 36 37 37 36 36 37 37 36 36 37 37 36 36 37 37 36 105 37 37 68 36 37
36 37 37 68 36 96 37 36 36 37 37 36 36 37 37 36 36 37 37 36 36 37 37 36 36 37 37 36 36 37 37 36 36 37 37 36 105 37 37 68 36 37
36 37 37 68 36 96 37 36 36 37 37 36 36 37 37 36 36 37 37 36 36 37 37 36 36 37 37 36 36 37 37 36 36 37 37 36 105 37 37 68 36 37
36 37 37 68 36 96 37 36 36 37 37 36 36 37 37 36 36 37 173 174 175 176 177 178 36 37 37 36 36 37 37 36 36 37 37 36 105 37 37 68 36 37
36 37 37 68 36 96 37 36 36 37 37 36 179 180 180 181 181 182 183 181 181 180 180 184 185 180 180 181 181 186 37 36 36 37 37 36 105 37 37 68 36 37
36 37 37 68 187 188 37 36 36 37 37 36 97 37 37 36 36 37 37 36 36 37 37 36 36 37 37 36 36 104 37 36 36 37 37 36 189 190 37 68 36 37
36 37 37 68 36 96 37 36 36 37 37 36 97 37 37 36 36 37 37 36 191 192 37 36 36 37 37 36 36 104 37 36 36 37 37 36 105 37 37 68 36 37
36 37 37 68 36 96 37 36 36 37 37 36 97 37 37 36 36 37 37 36 36 37 37 36 36 37 37 36 36 104 37 36 36 37 37 36 105 37 37 68 36 37
36 37 37 68 36 96 37 36 36 37 37 36 97 37 37 36 36 193 194 195 196 197 198 199 200 37 37 36 36 104 37 36 36 37 37 36 105 37 37 68 36 37
36 37 37 68 201 202 37 36 36 37 37 36 97 37 37 36 36 96 203 204 205 206 206 207 105 37 37 36 36 104 37 36 36 37 37 36 208 37 37 68 36 37
36 37 37 68 36 209 81 82 82 210 81 82 211 81 81 82 82 83 212 213 214 214 214 215 216 81 81 82 82 217 81 82 218 81 81 82 219 95 37 68 36 37
36 37 37 220 36 37 37 36 36 37 37 36 36 37 37 36 36 37 37 221 222 223 223 224 36 37 37 36 36 37 37 36 36 37 37 36 36 37 37 225 226 37
36 37 37 227 228 229 230 231 231 230 230 231 231 230 230 231 231 230 230 231 232 233 234 231 231 230 235 231 231 230 230 231 231 230 230 231 231 230 230 236 237 37
13 15 13 15 13 15 13 15 13 15 13 15 238 13 15 13 15 13 15 13 15 13 15 13 15 13 15 13 15 238 13 15 13 15 13 15 13 15 13 239 240 15
17 19 17 19 17 19 17 19 17 19 17 19 25 17 19 17 19 17 19 17 19 17 19 17 19 17 19 17 19 25 17 19 17 19 17 19 17 19 17 19 17 19
23 21 23 21 23 21 23 21 23 21 23 21 26 23 21 23 21 23 21 23 21 23 21 23 21 23 21 23 21 26 23 21 23 21 23 21 23 21 23 21 23 21
17 19 17 19 17 19 17 19 17 19 17 19 241 17 19 17 19 17 19 17 19 17 19 17 19 17 19 17 19 241 17 19 17 19 17 19 17 19 17 19 17 19
