0 0 0 1 2 3 4 5 6 7 8 9 10 11 0 0 0 0 0 0 0 0 0 12 13 14 15 16 17 18 19 20 21 22 23 24 24 25 25 0 0 0
2 2 2 2 2 2 2 2 2 2 2 2 1 2 2 2 2 2 2 2 2 2 2 2 2 2 2 2 2 1 2 2 2 2 2 2 2 2 2 2 2 2
2 2 2 2 2 2 2 2 2 2 2 2 3 2 2 2 2 2 2 2 2 2 2 2 2 2 2 2 2 3 2 2 2 2 2 2 2 2 2 2 2 2
0 0 0 0 0 0 0 0 0 0 0 0 1 0 0 0 0 0 0 0 0 0 0 0 0 0 0 0 0 1 0 0 0 0 0 0 0 0 0 0 0 0
4 4 4 5 6 4 4 10 4 4 4 5 6 4 4 4 4 4 4 8 4 4 4 5 6 4 4 10 4 4 4 4 4 4 4 4 4 4 11 5 9 4
13 13 13 14 15 15 15 16 17 18 19 20 21 22 23 15 15 24 25 26 27 28 29 30 31 15 15 16 17 18 19 20 21 22 23 15 15 15 32 33 13 13
13 13 13 34 35 35 35 35 35 35 35 35 35 35 35 35 35 35 36 37 37 37 37 38 35 35 35 35 35 35 35 35 35 35 35 35 35 35 35 39 13 13
40 40 40 41 40 40 40 40 40 42 40 40 40 40 40 40 40 40 43 44 45 45 44 46 47 40 40 40 40 40 40 40 48 40 40 40 40 40 40 41 40 40
40 40 40 41 40 49 50 50 50 51 50 50 52 50 50 50 50 52 53 54 55 56 56 56 57 50 50 50 50 58 50 50 59 50 50 50 60 40 40 41 40 40
13 13 13 61 13 62 13 13 13 13 13 13 62 13 13 13 13 63 64 64 64 64 64 64 65 13 13 13 13 66 13 13 13 13 13 13 66 13 13 61 13 13
13 13 13 61 13 62 13 13 13 13 13 13 62 13 13 13 13 13 13 13 13 13 13 13 13 13 13 13 13 66 13 13 13 13 13 13 66 13 13 61 13 13
40 40 40 41 40 67 40 40 40 40 40 40 67 40 40 40 40 40 40 40 68 69 40 40 40 40 40 40 40 70 40 40 40 40 40 40 70 40 40 41 40 40
40 40 40 41 71 72 40 40 40 40 40 40 67 40 40 40 40 40 40 40 40 40 40 40 40 40 40 40 40 70 40 40 40 40 40 40 73 74 40 41 40 40
13 13 13 61 13 62 13 13 13 13 13 13 75 76 76 76 76 77 78 76 76 76 76 79 80 76 76 76 76 81 13 13 13 13 13 13 66 13 13 61 13 13
13 13 13 61 13 62 13 13 13 13 13 13 13 13 13 13 13 13 82 83 84 85 86 87 13 13 13 13 13 13 13 13 13 13 13 13 66 13 13 61 13 13
40 40 40 41 40 67 40 40 40 40 40 40 40 40 40 40 40 40 40 40 40 40 40 40 40 40 40 40 40 40 40 40 40 40 40 40 70 40 40 41 40 40
40 40 40 41 40 67 40 40 40 40 40 40 40 40 40 40 40 40 40 40 40 40 40 40 40 40 40 40 40 40 40 40 40 40 40 40 70 40 40 41 40 40
13 13 13 61 13 62 13 13 13 13 13 13 13 13 13 13 13 13 13 13 13 13 13 13 13 13 13 13 13 13 13 13 13 13 13 13 66 13 13 61 13 13
13 13 13 61 13 62 13 13 13 13 13 13 13 13 13 13 13 13 13 13 13 13 13 13 13 13 13 13 13 13 13 13 13 13 13 13 66 13 13 61 13 13
40 40 40 41 40 67 40 40 40 40 40 40 40 40 40 40 40 40 40 40 40 40 40 40 40 40 40 40 40 40 40 40 40 40 40 40 70 40 40 41 40 40
40 40 40 41 40 67 40 40 40 40 40 40 40 40 40 40 40 40 40 40 40 40 40 40 40 40 40 40 40 40 40 40 40 40 40 40 70 40 40 41 40 40
13 13 13 61 13 62 13 13 13 13 13 13 13 13 13 13 13 13 13 13 13 13 13 13 13 13 13 13 13 13 13 13 13 13 13 13 66 13 13 61 13 13
13 13 13 88 13 62 13 13 13 13 13 13 13 13 13 13 13 13 13 13 13 13 13 13 13 13 13 13 13 13 13 13 13 13 13 13 66 13 13 61 13 13
89 90 40 40 40 67 40 40 40 40 40 40 40 40 40 40 40 40 40 40 40 40 40 40 40 40 40 40 40 40 40 40 40 40 40 40 70 40 40 41 40 40
91 92 40 40 40 67 40 40 40 40 40 40 40 40 40 40 40 40 40 40 40 40 40 40 40 40 40 40 40 40 40 40 40 40 40 40 70 40 40 93 40 40
94 92 13 13 13 62 13 13 13 13 13 13 13 13 13 13 13 13 95 96 97 98 99 100 13 13 13 13 13 13 13 13 13 13 13 13 66 13 13 13 13 101
102 103 13 13 13 62 13 13 13 13 13 13 13 13 13 13 13 104 105 13 13 13 13 106 107 13 13 13 13 13 13 13 13 13 13 13 66 13 13 13 13 108
109 110 40 40 40 67 40 40 40 40 40 40 40 40 40 40 40 111 40 40 40 40 40 40 112 40 40 40 40 40 40 40 40 40 40 40 70 40 40 40 40 113
40 40 40 40 40 114 50 50 50 50 50 50 50 50 50 50 50 115 50 50 116 117 50 50 118 50 50 50 50 50 50 50 50 50 50 50 119 40 40 40 40 120
121 122 13 13 13 62 13 13 13 13 13 13 13 13 13 13 13 123 13 13 13 13 13 13 124 13 13 13 13 13 13 13 13 13 13 13 66 13 13 13 13 125
94 92 13 13 13 62 13 13 13 13 13 13 13 13 13 13 13 126 127 128 13 13 129 130 131 13 13 13 13 13 13 13 13 13 13 13 66 13 13 13 13 132
91 92 40 40 40 67 40 40 40 40 40 40 40 40 40 40 40 40 40 133 134 135 136 40 40 40 40 40 40 40 40 40 40 40 40 40 70 40 40 137 40 138
139 103 40 40 40 67 40 40 40 40 40 40 40 40 40 40 40 40 40 40 40 40 40 40 40 40 40 40 40 40 40 40 40 40 40 40 70 40 40 41 40 40
140 141 13 13 13 62 13 13 13 13 13 13 13 13 13 13 13 13 13 13 13 13 13 13 13 13 13 13 13 13 13 13 13 13 13 13 66 13 13 61 13 13
13 13 13 142 13 62 13 13 13 13 13 13 13 13 13 13 13 13 13 13 13 13 13 13 13 13 13 13 13 13 13 13 13 13 13 13 66 13 13 61 13 13
40 40 40 41 40 67 40 40 40 40 40 40 40 40 40 40 40 40 40 40 40 40 40 40 40 40 40 40 40 40 40 40 40 40 40 40 70 40 40 41 40 40
40 40 40 41 40 67 40 40 40 40 40 40 40 40 40 40 40 40 40 40 40 40 40 40 40 40 40 40 40 40 40 40 40 40 40 40 70 40 40 41 40 40
13 13 13 61 13 62 13 13 13 13 13 13 13 13 13 13 13 13 13 13 13 13 13 13 13 13 13 13 13 13 13 13 13 13 13 13 66 13 13 61 13 13
13 13 13 61 13 62 13 13 13 13 13 13 13 13 13 13 13 13 13 13 13 13 13 13 13 13 13 13 13 13 13 13 13 13 13 13 66 13 13 61 13 13
40 40 40 41 40 67 40 40 40 40 40 40 40 40 40 40 40 40 40 40 40 40 40 40 40 40 40 40 40 40 40 40 40 40 40 40 70 40 40 41 40 40
40 40 40 41 40 67 40 40 40 40 40 40 40 40 40 40 40 40 40 40 40 40 40 40 40 40 40 40 40 40 40 40 40 40 40 40 70 40 40 41 40 40
13 13 13 61 13 62 13 13 13 13 13 13 13 13 13 13 13 13 143 144 145 146 147 148 13 13 13 13 13 13 13 13 13 13 13 13 66 13 13 61 13 13
13 13 13 61 13 62 13 13 13 13 13 13 149 150 150 150 150 151 152 150 150 150 150 153 154 150 150 150 150 155 13 13 13 13 13 13 66 13 13 61 13 13
40 40 40 41 156 157 40 40 40 40 40 40 67 40 40 40 40 40 40 40 40 40 40 40 40 40 40 40 40 70 40 40 40 40 40 40 158 159 40 41 40 40
40 40 40 41 40 67 40 40 40 40 40 40 67 40 40 40 40 40 40 40 160 161 40 40 40 40 40 40 40 70 40 40 40 40 40 40 70 40 40 41 40 40
13 13 13 61 13 62 13 13 13 13 13 13 62 13 13 13 13 13 13 13 13 13 13 13 13 13 13 13 13 66 13 13 13 13 13 13 66 13 13 61 13 13
13 13 13 61 13 62 13 13 13 13 13 13 62 13 13 13 13 162 163 164 164 164 164 165 166 13 13 13 13 66 13 13 13 13 13 13 66 13 13 61 13 13
40 40 40 41 40 167 40 40 40 40 40 40 67 40 40 40 40 67 168 169 169 169 169 170 70 40 40 40 40 70 40 40 40 40 40 40 171 40 40 41 40 40
40 40 40 41 40 172 50 50 50 173 50 50 51 50 50 50 50 51 174 175 176 176 176 177 178 50 50 50 50 59 50 50 179 50 50 50 180 40 40 41 40 40
13 13 13 181 13 13 13 13 13 13 13 13 13 13 13 13 13 13 13 182 183 183 183 184 13 13 13 13 13 13 13 13 13 13 13 13 13 13 13 181 13 13
13 13 13 185 186 187 188 188 188 188 188 188 188 188 188 188 188 188 188 188 189 186 187 188 188 188 190 188 188 188 188 188 188 188 188 188 188 188 188 191 192 13
193 193 193 193 193 193 193 193 193 193 193 193 193 193 193 193 193 193 193 193 193 193 193 193 193 193 193 193 193 193 193 193 193 193 193 193 193 193 193 193 193 193
194 194 194 194 194 194 194 194 194 194 194 194 195 194 194 194 194 194 194 194 194 194 194 194 194 194 194 194 194 195 194 194 194 194 194 194 194 194 194 194 194 194
196 196 196 196 196 196 196 196 196 196 196 196 197 196 196 196 196 196 196 196 196 196 196 196 196 196 196 196 196 197 196 196 196 196 196 196 196 196 196 196 196 196
16 18 16 18 16 18 16 18 16 18 16 18 198 16 18 16 18 16 18 16 18 16 18 16 18 16 18 16 18 198 16 18 16 18 16 18 16 18 16 18 16 18
